%YAML:1.0
---
camera_matrix: !!opencv-matrix
   rows: 3
   cols: 3
   dt: d
   data: [ 4.8500013227778845e+02, 0., 4.6048439978206324e+02, 0.,
       4.8446529771202120e+02, 3.6882717135520573e+02, 0., 0., 1. ]
distortion_coefficients: !!opencv-matrix
   rows: 1
   cols: 5
   dt: d
   data: [ -2.1897207538791941e-01, 1.1378088445810178e-01,
       2.7963672438432903e-03, 1.2647206581812528e-03,
       -2.7036330701899484e-02 ]
