%YAML:1.0
strings:
   - img0000.jpg
   - img0001.jpg
   - img0002.jpg
   - img0003.jpg
   - img0004.jpg
   - img0005.jpg
   - img0006.jpg
   - img0007.jpg
   - img0008.jpg
   - img0009.jpg
   - img0010.jpg
   - img0011.jpg
   - img0012.jpg
   - img0013.jpg
   - img0014.jpg
   - img0015.jpg
   - img0016.jpg
   - img0017.jpg
   - img0018.jpg
   - img0019.jpg
   - img0020.jpg
   - img0021.jpg
   - img0022.jpg
   - img0023.jpg
   - img0024.jpg
   - img0025.jpg
   - img0026.jpg
   - img0027.jpg
   - img0028.jpg
   - img0029.jpg
